++++++++++ -1.166667    -40    -52    -48
+++++++++- -1.100000    -40    -44    -48
++++++++-+ -0.833333     -8    -44    -48
++++++++-- -0.766667    -24    -36    -32
+++++++-++ -1.233333    -40    -60    -48
+++++++-+- -0.766667    -24    -36    -32
+++++++--+ -1.300000     -8    -68    -80
+++++++--- -0.833333     -8    -44    -48
++++++-+++ -0.566667    -24    -28    -16
++++++-++- -0.633333    -24    -20    -32
++++++-+-+ -0.366667     -8    -20    -16
++++++-+-- -0.433333    -24    -12    -16
++++++--++ -0.900000    -40    -52    -16
++++++--+- -0.566667    -24    -28    -16
++++++---+ -1.100000    -24    -60    -48
++++++---- -0.766667    -24    -36    -32
+++++-++++ -0.700000    -40    -28    -16
+++++-+++- -0.500000    -24    -20    -16
+++++-++-+ -0.500000     -8    -20    -32
+++++-++-- -0.300000     -8    -12    -16
+++++-+-++ -1.300000    -72    -52    -32
+++++-+-+- -0.700000    -40    -28    -16
+++++-+--+ -1.500000    -40    -60    -80
+++++-+--- -0.900000    -24    -36    -48
+++++--+++ -0.633333    -40    -36      0
+++++--++- -0.566667    -24    -28    -16
+++++--+-+ -0.566667    -24    -28    -16
+++++--+-- -0.500000    -24    -20    -16
+++++---++ -1.500000    -88    -76    -16
+++++---+- -1.033333    -56    -52    -16
+++++----+ -1.833333    -72    -84    -64
+++++----- -1.366667    -56    -60    -48
++++-+++++ -1.100000    -40    -44    -48
++++-++++- -1.033333    -40    -36    -48
++++-+++-+ -0.766667    -24    -36    -32
++++-+++-- -0.700000    -40    -28    -16
++++-++-++ -0.766667    -24    -36    -32
++++-++-+- -0.300000     -8    -12    -16
++++-++--+ -0.833333     -8    -44    -48
++++-++--- -0.366667     -8    -20    -16
++++-+-+++ -0.633333    -24    -20    -32
++++-+-++- -0.700000    -24    -12    -48
++++-+-+-+ -0.433333    -24    -12    -16
++++-+-+-- -0.500000    -40     -4    -16
++++-+--++ -0.566667    -24    -28    -16
++++-+--+- -0.233333     -8     -4    -16
++++-+---+ -0.766667    -24    -36    -32
++++-+---- -0.433333    -24    -12    -16
++++--++++ -0.500000    -24    -20    -16
++++--+++- -0.300000     -8    -12    -16
++++--++-+ -0.300000     -8    -12    -16
++++--++-- -0.100000     -8     -4      0
++++--+-++ -0.700000    -40    -28    -16
++++--+-+- -0.100000     -8     -4      0
++++--+--+ -0.900000    -24    -36    -48
++++--+--- -0.300000     -8    -12    -16
++++---+++ -0.566667    -24    -28    -16
++++---++- -0.500000     -8    -20    -32
++++---+-+ -0.500000    -24    -20    -16
++++---+-- -0.433333    -24    -12    -16
++++----++ -1.033333    -56    -52    -16
++++----+- -0.566667    -24    -28    -16
++++-----+ -1.366667    -56    -60    -48
++++------ -0.900000    -40    -36    -32
+++-++++++ -1.633333    -40    -76    -80
+++-+++++- -1.300000    -40    -52    -64
+++-++++-+ -1.566667    -24    -84    -80
+++-++++-- -1.233333    -40    -60    -48
+++-+++-++ -1.566667    -24    -84    -80
+++-+++-+- -0.833333     -8    -44    -48
+++-+++--+ -1.900000     -8   -108   -112
+++-+++--- -1.166667     -8    -68    -64
+++-++-+++ -0.900000    -24    -36    -48
+++-++-++- -0.700000    -24    -12    -48
+++-++-+-+ -0.966667    -24    -44    -48
+++-++-+-- -0.766667    -40    -20    -32
+++-++--++ -1.100000    -24    -60    -48
+++-++--+- -0.500000     -8    -20    -32
+++-++---+ -1.566667    -24    -84    -80
+++-++---- -0.966667    -24    -44    -48
+++-+-++++ -0.766667    -24    -36    -32
+++-+-+++- -0.300000     -8    -12    -16
+++-+-++-+ -0.833333     -8    -44    -48
+++-+-++-- -0.366667     -8    -20    -16
+++-+-+-++ -1.233333    -40    -60    -48
+++-+-+-+- -0.366667     -8    -20    -16
+++-+-+--+ -1.700000    -24    -84    -96
+++-+-+--- -0.833333     -8    -44    -48
+++-+--+++ -0.566667    -24    -28    -16
+++-+--++- -0.233333     -8     -4    -16
+++-+--+-+ -0.766667    -24    -36    -32
+++-+--+-- -0.433333    -24    -12    -16
+++-+---++ -1.300000    -56    -68    -32
+++-+---+- -0.566667    -24    -28    -16
+++-+----+ -1.900000    -56    -92    -80
+++-+----- -1.166667    -40    -52    -48
+++--+++++ -2.100000    -72    -84    -96
+++--++++- -1.766667    -72    -60    -80
+++--+++-+ -2.033333    -72    -92    -80
+++--+++-- -1.700000    -88    -68    -48
+++--++-++ -1.633333    -40    -76    -80
+++--++-+- -0.900000    -24    -36    -48
+++--++--+ -1.966667    -40   -100    -96
+++--++--- -1.233333    -40    -60    -48
+++--+-+++ -1.500000    -56    -44    -80
+++--+-++- -1.300000    -56    -20    -80
+++--+-+-+ -1.566667    -72    -52    -64
+++--+-+-- -1.366667    -88    -28    -48
+++--+--++ -1.300000    -40    -52    -64
+++--+--+- -0.700000    -24    -12    -48
+++--+---+ -1.766667    -56    -76    -80
+++--+---- -1.166667    -56    -36    -48
+++---++++ -1.100000    -40    -44    -48
+++---+++- -0.633333    -24    -20    -32
+++---++-+ -1.166667    -40    -52    -48
+++---++-- -0.700000    -40    -28    -16
+++---+-++ -1.166667    -40    -52    -48
+++---+-+- -0.300000     -8    -12    -16
+++---+--+ -1.633333    -40    -76    -80
+++---+--- -0.766667    -24    -36    -32
+++----+++ -1.033333    -40    -36    -48
+++----++- -0.700000    -24    -12    -48
+++----+-+ -1.233333    -56    -44    -48
+++----+-- -0.900000    -56    -20    -32
+++-----++ -1.366667    -56    -60    -48
+++-----+- -0.633333    -24    -20    -32
+++------+ -1.966667    -72    -84    -80
+++------- -1.233333    -56    -44    -48
++-+++++++ -1.366667    -56    -60    -48
++-++++++- -1.833333    -72    -68    -80
++-+++++-+ -0.766667    -24    -36    -32
++-+++++-- -1.233333    -56    -44    -48
++-++++-++ -1.300000    -56    -68    -32
++-++++-+- -1.366667    -56    -60    -48
++-++++--+ -1.100000    -24    -60    -48
++-++++--- -1.166667    -40    -52    -48
++-+++-+++ -1.166667    -56    -52    -32
++-+++-++- -1.766667    -72    -60    -80
++-+++-+-+ -0.700000    -40    -28    -16
++-+++-+-- -1.300000    -72    -36    -48
++-+++--++ -1.366667    -72    -76    -16
++-+++--+- -1.566667    -72    -68    -48
++-+++---+ -1.300000    -56    -68    -32
++-+++---- -1.500000    -72    -60    -48
++-++-++++ -1.033333    -56    -52    -16
++-++-+++- -1.366667    -56    -60    -48
++-++-++-+ -0.566667    -24    -28    -16
++-++-++-- -0.900000    -40    -36    -32
++-++-+-++ -1.500000    -88    -76    -16
++-++-+-+- -1.433333    -72    -68    -32
++-++-+--+ -1.433333    -56    -68    -48
++-++-+--- -1.366667    -56    -60    -48
++-++--+++ -1.366667    -72    -76    -16
++-++--++- -1.833333    -72    -84    -64
++-++--+-+ -1.033333    -56    -52    -16
++-++--+-- -1.500000    -72    -60    -48
++-++---++ -2.100000   -120   -116    -16
++-++---+- -2.166667   -104   -108    -48
++-++----+ -2.166667   -104   -108    -48
++-++----- -2.233333   -104   -100    -64
++-+-+++++ -1.033333    -40    -36    -48
++-+-++++- -1.500000    -56    -44    -80
++-+-+++-+ -0.433333    -24    -12    -16
++-+-+++-- -0.900000    -56    -20    -32
++-+-++-++ -0.566667    -24    -28    -16
++-+-++-+- -0.633333    -24    -20    -32
++-+-++--+ -0.366667     -8    -20    -16
++-+-++--- -0.433333    -24    -12    -16
++-+-+-+++ -0.966667    -40    -28    -48
++-+-+-++- -1.566667    -56    -36    -96
++-+-+-+-+ -0.500000    -40     -4    -16
++-+-+-+-- -1.100000    -72    -12    -48
++-+-+--++ -0.766667    -40    -36    -16
++-+-+--+- -0.966667    -40    -28    -48
++-+-+---+ -0.700000    -40    -28    -16
++-+-+---- -0.900000    -56    -20    -32
++-+--++++ -0.566667    -24    -28    -16
++-+--+++- -0.900000    -24    -36    -48
++-+--++-+ -0.100000     -8     -4      0
++-+--++-- -0.433333    -24    -12    -16
++-+--+-++ -0.633333    -40    -36      0
++-+--+-+- -0.566667    -24    -28    -16
++-+--+--+ -0.566667    -24    -28    -16
++-+--+--- -0.500000    -24    -20    -16
++-+---+++ -1.033333    -40    -52    -32
++-+---++- -1.500000    -40    -60    -80
++-+---+-+ -0.700000    -40    -28    -16
++-+---+-- -1.166667    -56    -36    -48
++-+----++ -1.366667    -72    -76    -16
++-+----+- -1.433333    -56    -68    -48
++-+-----+ -1.433333    -72    -68    -32
++-+------ -1.500000    -72    -60    -48
++--++++++ -1.300000    -40    -52    -64
++--+++++- -1.500000    -56    -44    -80
++--++++-+ -0.966667    -24    -44    -48
++--++++-- -1.166667    -56    -36    -48
++--+++-++ -1.100000    -24    -60    -48
++--+++-+- -0.900000    -24    -36    -48
++--+++--+ -1.166667     -8    -68    -64
++--+++--- -0.966667    -24    -44    -48
++--++-+++ -0.966667    -40    -28    -48
++--++-++- -1.300000    -56    -20    -80
++--++-+-+ -0.766667    -40    -20    -32
++--++-+-- -1.100000    -72    -12    -48
++--++--++ -1.033333    -40    -52    -32
++--++--+- -0.966667    -40    -28    -48
++--++---+ -1.233333    -40    -60    -48
++--++---- -1.166667    -56    -36    -48
++--+-++++ -0.566667    -24    -28    -16
++--+-+++- -0.633333    -24    -20    -32
++--+-++-+ -0.366667     -8    -20    -16
++--+-++-- -0.433333    -24    -12    -16
++--+-+-++ -0.900000    -40    -52    -16
++--+-+-+- -0.566667    -24    -28    -16
++--+-+--+ -1.100000    -24    -60    -48
++--+-+--- -0.766667    -24    -36    -32
++--+--+++ -0.766667    -40    -36    -16
++--+--++- -0.966667    -40    -28    -48
++--+--+-+ -0.700000    -40    -28    -16
++--+--+-- -0.900000    -56    -20    -32
++--+---++ -1.366667    -72    -76    -16
++--+---+- -1.166667    -56    -52    -32
++--+----+ -1.700000    -72    -84    -48
++--+----- -1.500000    -72    -60    -48
++---+++++ -1.500000    -56    -44    -80
++---++++- -1.700000    -72    -36    -96
++---+++-+ -1.166667    -56    -36    -48
++---+++-- -1.366667    -88    -28    -48
++---++-++ -0.900000    -24    -36    -48
++---++-+- -0.700000    -24    -12    -48
++---++--+ -0.966667    -24    -44    -48
++---++--- -0.766667    -40    -20    -32
++---+-+++ -1.300000    -56    -20    -80
++---+-++- -1.633333    -72    -12   -112
++---+-+-+ -1.100000    -72    -12    -48
++---+-+-- -1.433333   -104     -4    -64
++---+--++ -0.966667    -40    -28    -48
++---+--+- -0.900000    -40     -4    -64
++---+---+ -1.166667    -56    -36    -48
++---+---- -1.100000    -72    -12    -48
++----++++ -0.633333    -24    -20    -32
++----+++- -0.700000    -24    -12    -48
++----++-+ -0.433333    -24    -12    -16
++----++-- -0.500000    -40     -4    -16
++----+-++ -0.566667    -24    -28    -16
++----+-+- -0.233333     -8     -4    -16
++----+--+ -0.766667    -24    -36    -32
++----+--- -0.433333    -24    -12    -16
++-----+++ -0.966667    -40    -28    -48
++-----++- -1.166667    -40    -20    -80
++-----+-+ -0.900000    -56    -20    -32
++-----+-- -1.100000    -72    -12    -48
++------++ -1.166667    -56    -52    -32
++------+- -0.966667    -40    -28    -48
++-------+ -1.500000    -72    -60    -48
++-------- -1.300000    -72    -36    -48
+-++++++++ -2.033333    -88    -76    -80
+-+++++++- -2.100000    -88    -84    -80
+-++++++-+ -1.300000    -40    -52    -64
+-++++++-- -1.366667    -56    -60    -48
+-+++++-++ -1.566667    -72    -52    -64
+-+++++-+- -1.233333    -56    -44    -48
+-+++++--+ -1.233333    -24    -44    -80
+-+++++--- -0.900000    -24    -36    -48
+-++++-+++ -0.900000    -40    -36    -32
+-++++-++- -1.100000    -40    -44    -48
+-++++-+-+ -0.300000     -8    -12    -16
+-++++-+-- -0.500000    -24    -20    -16
+-++++--++ -0.700000    -40    -28    -16
+-++++--+- -0.500000    -24    -20    -16
+-++++---+ -0.500000     -8    -20    -32
+-++++---- -0.300000     -8    -12    -16
+-+++-++++ -1.300000    -72    -36    -48
+-+++-+++- -1.233333    -56    -44    -48
+-+++-++-+ -0.700000    -24    -12    -48
+-+++-++-- -0.633333    -24    -20    -32
+-+++-+-++ -1.366667    -88    -28    -48
+-+++-+-+- -0.900000    -56    -20    -32
+-+++-+--+ -1.166667    -40    -20    -80
+-+++-+--- -0.700000    -24    -12    -48
+-+++--+++ -0.700000    -40    -28    -16
+-+++--++- -0.766667    -24    -36    -32
+-+++--+-+ -0.233333     -8     -4    -16
+-+++--+-- -0.300000     -8    -12    -16
+-+++---++ -1.033333    -72    -36    -16
+-+++---+- -0.700000    -40    -28    -16
+-+++----+ -0.966667    -40    -28    -48
+-+++----- -0.633333    -24    -20    -32
+-++-+++++ -2.100000    -88    -84    -80
+-++-++++- -2.166667    -88    -92    -80
+-++-+++-+ -1.366667    -56    -60    -48
+-++-+++-- -1.433333    -72    -68    -32
+-++-++-++ -1.233333    -56    -44    -48
+-++-++-+- -0.900000    -40    -36    -32
+-++-++--+ -0.900000    -24    -36    -48
+-++-++--- -0.566667    -24    -28    -16
+-++-+-+++ -1.100000    -40    -44    -48
+-++-+-++- -1.300000    -40    -52    -64
+-++-+-+-+ -0.500000    -24    -20    -16
+-++-+-+-- -0.700000    -40    -28    -16
+-++-+--++ -0.500000    -24    -20    -16
+-++-+--+- -0.300000     -8    -12    -16
+-++-+---+ -0.300000     -8    -12    -16
+-++-+---- -0.100000     -8     -4      0
+-++--++++ -1.233333    -56    -44    -48
+-++--+++- -1.166667    -40    -52    -48
+-++--++-+ -0.633333    -24    -20    -32
+-++--++-- -0.566667    -24    -28    -16
+-++--+-++ -0.900000    -56    -20    -32
+-++--+-+- -0.433333    -24    -12    -16
+-++--+--+ -0.700000    -24    -12    -48
+-++--+--- -0.233333     -8     -4    -16
+-++---+++ -0.766667    -24    -36    -32
+-++---++- -0.833333     -8    -44    -48
+-++---+-+ -0.300000     -8    -12    -16
+-++---+-- -0.366667     -8    -20    -16
+-++----++ -0.700000    -40    -28    -16
+-++----+- -0.366667     -8    -20    -16
+-++-----+ -0.633333    -24    -20    -32
+-++------ -0.300000     -8    -12    -16
+-+-++++++ -2.366667    -88   -100    -96
+-+-+++++- -2.166667    -88    -92    -80
+-+-++++-+ -1.900000    -56    -92    -80
+-+-++++-- -1.700000    -72    -84    -48
+-+-+++-++ -1.766667    -56    -76    -80
+-+-+++-+- -1.166667    -40    -52    -48
+-+-+++--+ -1.700000    -24    -84    -96
+-+-+++--- -1.100000    -24    -60    -48
+-+-++-+++ -1.100000    -40    -44    -48
+-+-++-++- -1.033333    -40    -36    -48
+-+-++-+-+ -0.766667    -24    -36    -32
+-+-++-+-- -0.700000    -40    -28    -16
+-+-++--++ -0.766667    -24    -36    -32
+-+-++--+- -0.300000     -8    -12    -16
+-+-++---+ -0.833333     -8    -44    -48
+-+-++---- -0.366667     -8    -20    -16
+-+-+-++++ -1.233333    -56    -44    -48
+-+-+-+++- -0.900000    -40    -36    -32
+-+-+-++-+ -0.900000    -24    -36    -48
+-+-+-++-- -0.566667    -24    -28    -16
+-+-+-+-++ -1.166667    -56    -36    -48
+-+-+-+-+- -0.433333    -24    -12    -16
+-+-+-+--+ -1.233333    -24    -44    -80
+-+-+-+--- -0.500000     -8    -20    -32
+-+-+--+++ -0.500000    -24    -20    -16
+-+-+--++- -0.300000     -8    -12    -16
+-+-+--+-+ -0.300000     -8    -12    -16
+-+-+--+-- -0.100000     -8     -4      0
+-+-+---++ -0.700000    -40    -28    -16
+-+-+---+- -0.100000     -8     -4      0
+-+-+----+ -0.900000    -24    -36    -48
+-+-+----- -0.300000     -8    -12    -16
+-+--+++++ -2.966667   -120   -124   -112
+-+--++++- -2.766667   -120   -116    -96
+-+--+++-+ -2.500000   -104   -116    -80
+-+--+++-- -2.300000   -120   -108    -48
+-+--++-++ -1.966667    -72    -84    -80
+-+--++-+- -1.366667    -56    -60    -48
+-+--++--+ -1.900000    -56    -92    -80
+-+--++--- -1.300000    -56    -68    -32
+-+--+-+++ -1.833333    -72    -68    -80
+-+--+-++- -1.766667    -72    -60    -80
+-+--+-+-+ -1.500000    -72    -60    -48
+-+--+-+-- -1.433333    -88    -52    -32
+-+--+--++ -1.100000    -40    -44    -48
+-+--+--+- -0.633333    -24    -20    -32
+-+--+---+ -1.166667    -40    -52    -48
+-+--+---- -0.700000    -40    -28    -16
+-+---++++ -1.700000    -72    -68    -64
+-+---+++- -1.366667    -56    -60    -48
+-+---++-+ -1.366667    -56    -60    -48
+-+---++-- -1.033333    -56    -52    -16
+-+---+-++ -1.233333    -56    -44    -48
+-+---+-+- -0.500000    -24    -20    -16
+-+---+--+ -1.300000    -40    -52    -64
+-+---+--- -0.566667    -24    -28    -16
+-+----+++ -1.100000    -40    -44    -48
+-+----++- -0.900000    -24    -36    -48
+-+----+-+ -0.900000    -40    -36    -32
+-+----+-- -0.700000    -40    -28    -16
+-+-----++ -0.900000    -40    -36    -32
+-+-----+- -0.300000     -8    -12    -16
+-+------+ -1.100000    -40    -44    -48
+-+------- -0.500000    -24    -20    -16
+--+++++++ -2.100000    -88    -84    -80
+--++++++- -2.700000   -104   -108   -112
+--+++++-+ -1.100000    -40    -44    -48
+--+++++-- -1.700000    -72    -68    -64
+--++++-++ -1.500000    -72    -60    -48
+--++++-+- -1.700000    -72    -68    -64
+--++++--+ -0.900000    -24    -36    -48
+--++++--- -1.100000    -40    -44    -48
+--+++-+++ -1.366667    -56    -60    -48
+--+++-++- -2.100000    -72    -84    -96
+--+++-+-+ -0.500000    -24    -20    -16
+--+++-+-- -1.233333    -56    -44    -48
+--+++--++ -1.033333    -56    -52    -16
+--+++--+- -1.366667    -56    -60    -48
+--+++---+ -0.566667    -24    -28    -16
+--+++---- -0.900000    -40    -36    -32
+--++-++++ -1.500000    -72    -60    -48
+--++-+++- -1.966667    -72    -84    -80
+--++-++-+ -0.633333    -24    -20    -32
+--++-++-- -1.100000    -40    -44    -48
+--++-+-++ -1.433333    -88    -52    -32
+--++-+-+- -1.500000    -72    -60    -48
+--++-+--+ -0.966667    -40    -28    -48
+--++-+--- -1.033333    -40    -36    -48
+--++--+++ -1.300000    -56    -68    -32
+--++--++- -1.900000    -56    -92    -80
+--++--+-+ -0.566667    -24    -28    -16
+--++--+-- -1.166667    -40    -52    -48
+--++---++ -1.500000    -88    -76    -16
+--++---+- -1.700000    -72    -84    -48
+--++----+ -1.166667    -56    -52    -32
+--++----- -1.366667    -56    -60    -48
+--+-+++++ -1.900000    -72    -76    -80
+--+-++++- -2.500000    -88   -100   -112
+--+-+++-+ -0.900000    -40    -36    -32
+--+-+++-- -1.500000    -72    -60    -48
+--+-++-++ -0.900000    -40    -36    -32
+--+-++-+- -1.100000    -40    -44    -48
+--+-++--+ -0.300000     -8    -12    -16
+--+-++--- -0.500000    -24    -20    -16
+--+-+-+++ -1.300000    -40    -52    -64
+--+-+-++- -2.033333    -56    -76   -112
+--+-+-+-+ -0.433333    -24    -12    -16
+--+-+-+-- -1.166667    -56    -36    -48
+--+-+--++ -0.566667    -24    -28    -16
+--+-+--+- -0.900000    -24    -36    -48
+--+-+---+ -0.100000     -8     -4      0
+--+-+---- -0.433333    -24    -12    -16
+--+--++++ -1.166667    -40    -52    -48
+--+--+++- -1.633333    -40    -76    -80
+--+--++-+ -0.300000     -8    -12    -16
+--+--++-- -0.766667    -24    -36    -32
+--+--+-++ -0.700000    -40    -28    -16
+--+--+-+- -0.766667    -24    -36    -32
+--+--+--+ -0.233333     -8     -4    -16
+--+--+--- -0.300000     -8    -12    -16
+--+---+++ -1.100000    -24    -60    -48
+--+---++- -1.700000    -24    -84    -96
+--+---+-+ -0.366667     -8    -20    -16
+--+---+-- -0.966667    -24    -44    -48
+--+----++ -0.900000    -40    -52    -16
+--+----+- -1.100000    -24    -60    -48
+--+-----+ -0.566667    -24    -28    -16
+--+------ -0.766667    -24    -36    -32
+---++++++ -1.900000    -72    -76    -80
+---+++++- -2.233333    -88    -84    -96
+---++++-+ -1.166667    -40    -52    -48
+---++++-- -1.500000    -72    -60    -48
+---+++-++ -1.166667    -40    -52    -48
+---+++-+- -1.100000    -40    -44    -48
+---+++--+ -0.833333     -8    -44    -48
+---+++--- -0.766667    -24    -36    -32
+---++-+++ -1.033333    -40    -36    -48
+---++-++- -1.500000    -56    -44    -80
+---++-+-+ -0.433333    -24    -12    -16
+---++-+-- -0.900000    -56    -20    -32
+---++--++ -0.566667    -24    -28    -16
+---++--+- -0.633333    -24    -20    -32
+---++---+ -0.366667     -8    -20    -16
+---++---- -0.433333    -24    -12    -16
+---+-++++ -0.900000    -40    -36    -32
+---+-+++- -1.100000    -40    -44    -48
+---+-++-+ -0.300000     -8    -12    -16
+---+-++-- -0.500000    -24    -20    -16
+---+-+-++ -0.700000    -40    -28    -16
+---+-+-+- -0.500000    -24    -20    -16
+---+-+--+ -0.500000     -8    -20    -32
+---+-+--- -0.300000     -8    -12    -16
+---+--+++ -0.566667    -24    -28    -16
+---+--++- -0.900000    -24    -36    -48
+---+--+-+ -0.100000     -8     -4      0
+---+--+-- -0.433333    -24    -12    -16
+---+---++ -0.633333    -40    -36      0
+---+---+- -0.566667    -24    -28    -16
+---+----+ -0.566667    -24    -28    -16
+---+----- -0.500000    -24    -20    -16
+----+++++ -2.233333    -88    -84    -96
+----++++- -2.566667   -104    -92   -112
+----+++-+ -1.500000    -72    -60    -48
+----+++-- -1.833333   -104    -68    -48
+----++-++ -1.100000    -40    -44    -48
+----++-+- -1.033333    -40    -36    -48
+----++--+ -0.766667    -24    -36    -32
+----++--- -0.700000    -40    -28    -16
+----+-+++ -1.500000    -56    -44    -80
+----+-++- -1.966667    -72    -52   -112
+----+-+-+ -0.900000    -56    -20    -32
+----+-+-- -1.366667    -88    -28    -48
+----+--++ -0.633333    -24    -20    -32
+----+--+- -0.700000    -24    -12    -48
+----+---+ -0.433333    -24    -12    -16
+----+---- -0.500000    -40     -4    -16
+-----++++ -1.100000    -40    -44    -48
+-----+++- -1.300000    -40    -52    -64
+-----++-+ -0.500000    -24    -20    -16
+-----++-- -0.700000    -40    -28    -16
+-----+-++ -0.500000    -24    -20    -16
+-----+-+- -0.300000     -8    -12    -16
+-----+--+ -0.300000     -8    -12    -16
+-----+--- -0.100000     -8     -4      0
+------+++ -0.900000    -24    -36    -48
+------++- -1.233333    -24    -44    -80
+------+-+ -0.433333    -24    -12    -16
+------+-- -0.766667    -40    -20    -32
+-------++ -0.566667    -24    -28    -16
+-------+- -0.500000     -8    -20    -32
+--------+ -0.500000    -24    -20    -16
+--------- -0.433333    -24    -12    -16
-+++++++++ -0.433333    -24    -12    -16
-++++++++- -0.500000    -24    -20    -16
-+++++++-+ -0.500000     -8    -20    -32
-+++++++-- -0.566667    -24    -28    -16
-++++++-++ -0.766667    -40    -20    -32
-++++++-+- -0.433333    -24    -12    -16
-++++++--+ -1.233333    -24    -44    -80
-++++++--- -0.900000    -24    -36    -48
-+++++-+++ -0.100000     -8     -4      0
-+++++-++- -0.300000     -8    -12    -16
-+++++-+-+ -0.300000     -8    -12    -16
-+++++-+-- -0.500000    -24    -20    -16
-+++++--++ -0.700000    -40    -28    -16
-+++++--+- -0.500000    -24    -20    -16
-+++++---+ -1.300000    -40    -52    -64
-+++++---- -1.100000    -40    -44    -48
-++++-++++ -0.500000    -40     -4    -16
-++++-+++- -0.433333    -24    -12    -16
-++++-++-+ -0.700000    -24    -12    -48
-++++-++-- -0.633333    -24    -20    -32
-++++-+-++ -1.366667    -88    -28    -48
-++++-+-+- -0.900000    -56    -20    -32
-++++-+--+ -1.966667    -72    -52   -112
-++++-+--- -1.500000    -56    -44    -80
-++++--+++ -0.700000    -40    -28    -16
-++++--++- -0.766667    -24    -36    -32
-++++--+-+ -1.033333    -40    -36    -48
-++++--+-- -1.100000    -40    -44    -48
-++++---++ -1.833333   -104    -68    -48
-++++---+- -1.500000    -72    -60    -48
-++++----+ -2.566667   -104    -92   -112
-++++----- -2.233333    -88    -84    -96
-+++-+++++ -0.500000    -24    -20    -16
-+++-++++- -0.566667    -24    -28    -16
-+++-+++-+ -0.566667    -24    -28    -16
-+++-+++-- -0.633333    -40    -36      0
-+++-++-++ -0.433333    -24    -12    -16
-+++-++-+- -0.100000     -8     -4      0
-+++-++--+ -0.900000    -24    -36    -48
-+++-++--- -0.566667    -24    -28    -16
-+++-+-+++ -0.300000     -8    -12    -16
-+++-+-++- -0.500000     -8    -20    -32
-+++-+-+-+ -0.500000    -24    -20    -16
-+++-+-+-- -0.700000    -40    -28    -16
-+++-+--++ -0.500000    -24    -20    -16
-+++-+--+- -0.300000     -8    -12    -16
-+++-+---+ -1.100000    -40    -44    -48
-+++-+---- -0.900000    -40    -36    -32
-+++--++++ -0.433333    -24    -12    -16
-+++--+++- -0.366667     -8    -20    -16
-+++--++-+ -0.633333    -24    -20    -32
-+++--++-- -0.566667    -24    -28    -16
-+++--+-++ -0.900000    -56    -20    -32
-+++--+-+- -0.433333    -24    -12    -16
-+++--+--+ -1.500000    -56    -44    -80
-+++--+--- -1.033333    -40    -36    -48
-+++---+++ -0.766667    -24    -36    -32
-+++---++- -0.833333     -8    -44    -48
-+++---+-+ -1.100000    -40    -44    -48
-+++---+-- -1.166667    -40    -52    -48
-+++----++ -1.500000    -72    -60    -48
-+++----+- -1.166667    -40    -52    -48
-+++-----+ -2.233333    -88    -84    -96
-+++------ -1.900000    -72    -76    -80
-++-++++++ -0.766667    -24    -36    -32
-++-+++++- -0.566667    -24    -28    -16
-++-++++-+ -1.100000    -24    -60    -48
-++-++++-- -0.900000    -40    -52    -16
-++-+++-++ -0.966667    -24    -44    -48
-++-+++-+- -0.366667     -8    -20    -16
-++-+++--+ -1.700000    -24    -84    -96
-++-+++--- -1.100000    -24    -60    -48
-++-++-+++ -0.300000     -8    -12    -16
-++-++-++- -0.233333     -8     -4    -16
-++-++-+-+ -0.766667    -24    -36    -32
-++-++-+-- -0.700000    -40    -28    -16
-++-++--++ -0.766667    -24    -36    -32
-++-++--+- -0.300000     -8    -12    -16
-++-++---+ -1.633333    -40    -76    -80
-++-++---- -1.166667    -40    -52    -48
-++-+-++++ -0.433333    -24    -12    -16
-++-+-+++- -0.100000     -8     -4      0
-++-+-++-+ -0.900000    -24    -36    -48
-++-+-++-- -0.566667    -24    -28    -16
-++-+-+-++ -1.166667    -56    -36    -48
-++-+-+-+- -0.433333    -24    -12    -16
-++-+-+--+ -2.033333    -56    -76   -112
-++-+-+--- -1.300000    -40    -52    -64
-++-+--+++ -0.500000    -24    -20    -16
-++-+--++- -0.300000     -8    -12    -16
-++-+--+-+ -1.100000    -40    -44    -48
-++-+--+-- -0.900000    -40    -36    -32
-++-+---++ -1.500000    -72    -60    -48
-++-+---+- -0.900000    -40    -36    -32
-++-+----+ -2.500000    -88   -100   -112
-++-+----- -1.900000    -72    -76    -80
-++--+++++ -1.366667    -56    -60    -48
-++--++++- -1.166667    -56    -52    -32
-++--+++-+ -1.700000    -72    -84    -48
-++--+++-- -1.500000    -88    -76    -16
-++--++-++ -1.166667    -40    -52    -48
-++--++-+- -0.566667    -24    -28    -16
-++--++--+ -1.900000    -56    -92    -80
-++--++--- -1.300000    -56    -68    -32
-++--+-+++ -1.033333    -40    -36    -48
-++--+-++- -0.966667    -40    -28    -48
-++--+-+-+ -1.500000    -72    -60    -48
-++--+-+-- -1.433333    -88    -52    -32
-++--+--++ -1.100000    -40    -44    -48
-++--+--+- -0.633333    -24    -20    -32
-++--+---+ -1.966667    -72    -84    -80
-++--+---- -1.500000    -72    -60    -48
-++---++++ -0.900000    -40    -36    -32
-++---+++- -0.566667    -24    -28    -16
-++---++-+ -1.366667    -56    -60    -48
-++---++-- -1.033333    -56    -52    -16
-++---+-++ -1.233333    -56    -44    -48
-++---+-+- -0.500000    -24    -20    -16
-++---+--+ -2.100000    -72    -84    -96
-++---+--- -1.366667    -56    -60    -48
-++----+++ -1.100000    -40    -44    -48
-++----++- -0.900000    -24    -36    -48
-++----+-+ -1.700000    -72    -68    -64
-++----+-- -1.500000    -72    -60    -48
-++-----++ -1.700000    -72    -68    -64
-++-----+- -1.100000    -40    -44    -48
-++------+ -2.700000   -104   -108   -112
-++------- -2.100000    -88    -84    -80
-+-+++++++ -0.500000    -24    -20    -16
-+-++++++- -1.100000    -40    -44    -48
-+-+++++-+ -0.300000     -8    -12    -16
-+-+++++-- -0.900000    -40    -36    -32
-+-++++-++ -0.700000    -40    -28    -16
-+-++++-+- -0.900000    -40    -36    -32
-+-++++--+ -0.900000    -24    -36    -48
-+-++++--- -1.100000    -40    -44    -48
-+-+++-+++ -0.566667    -24    -28    -16
-+-+++-++- -1.300000    -40    -52    -64
-+-+++-+-+ -0.500000    -24    -20    -16
-+-+++-+-- -1.233333    -56    -44    -48
-+-+++--++ -1.033333    -56    -52    -16
-+-+++--+- -1.366667    -56    -60    -48
-+-+++---+ -1.366667    -56    -60    -48
-+-+++---- -1.700000    -72    -68    -64
-+-++-++++ -0.700000    -40    -28    -16
-+-++-+++- -1.166667    -40    -52    -48
-+-++-++-+ -0.633333    -24    -20    -32
-+-++-++-- -1.100000    -40    -44    -48
-+-++-+-++ -1.433333    -88    -52    -32
-+-++-+-+- -1.500000    -72    -60    -48
-+-++-+--+ -1.766667    -72    -60    -80
-+-++-+--- -1.833333    -72    -68    -80
-+-++--+++ -1.300000    -56    -68    -32
-+-++--++- -1.900000    -56    -92    -80
-+-++--+-+ -1.366667    -56    -60    -48
-+-++--+-- -1.966667    -72    -84    -80
-+-++---++ -2.300000   -120   -108    -48
-+-++---+- -2.500000   -104   -116    -80
-+-++----+ -2.766667   -120   -116    -96
-+-++----- -2.966667   -120   -124   -112
-+-+-+++++ -0.300000     -8    -12    -16
-+-+-++++- -0.900000    -24    -36    -48
-+-+-+++-+ -0.100000     -8     -4      0
-+-+-+++-- -0.700000    -40    -28    -16
-+-+-++-++ -0.100000     -8     -4      0
-+-+-++-+- -0.300000     -8    -12    -16
-+-+-++--+ -0.300000     -8    -12    -16
-+-+-++--- -0.500000    -24    -20    -16
-+-+-+-+++ -0.500000     -8    -20    -32
-+-+-+-++- -1.233333    -24    -44    -80
-+-+-+-+-+ -0.433333    -24    -12    -16
-+-+-+-+-- -1.166667    -56    -36    -48
-+-+-+--++ -0.566667    -24    -28    -16
-+-+-+--+- -0.900000    -24    -36    -48
-+-+-+---+ -0.900000    -40    -36    -32
-+-+-+---- -1.233333    -56    -44    -48
-+-+--++++ -0.366667     -8    -20    -16
-+-+--+++- -0.833333     -8    -44    -48
-+-+--++-+ -0.300000     -8    -12    -16
-+-+--++-- -0.766667    -24    -36    -32
-+-+--+-++ -0.700000    -40    -28    -16
-+-+--+-+- -0.766667    -24    -36    -32
-+-+--+--+ -1.033333    -40    -36    -48
-+-+--+--- -1.100000    -40    -44    -48
-+-+---+++ -1.100000    -24    -60    -48
-+-+---++- -1.700000    -24    -84    -96
-+-+---+-+ -1.166667    -40    -52    -48
-+-+---+-- -1.766667    -56    -76    -80
-+-+----++ -1.700000    -72    -84    -48
-+-+----+- -1.900000    -56    -92    -80
-+-+-----+ -2.166667    -88    -92    -80
-+-+------ -2.366667    -88   -100    -96
-+--++++++ -0.300000     -8    -12    -16
-+--+++++- -0.633333    -24    -20    -32
-+--++++-+ -0.366667     -8    -20    -16
-+--++++-- -0.700000    -40    -28    -16
-+--+++-++ -0.366667     -8    -20    -16
-+--+++-+- -0.300000     -8    -12    -16
-+--+++--+ -0.833333     -8    -44    -48
-+--+++--- -0.766667    -24    -36    -32
-+--++-+++ -0.233333     -8     -4    -16
-+--++-++- -0.700000    -24    -12    -48
-+--++-+-+ -0.433333    -24    -12    -16
-+--++-+-- -0.900000    -56    -20    -32
-+--++--++ -0.566667    -24    -28    -16
-+--++--+- -0.633333    -24    -20    -32
-+--++---+ -1.166667    -40    -52    -48
-+--++---- -1.233333    -56    -44    -48
-+--+-++++ -0.100000     -8     -4      0
-+--+-+++- -0.300000     -8    -12    -16
-+--+-++-+ -0.300000     -8    -12    -16
-+--+-++-- -0.500000    -24    -20    -16
-+--+-+-++ -0.700000    -40    -28    -16
-+--+-+-+- -0.500000    -24    -20    -16
-+--+-+--+ -1.300000    -40    -52    -64
-+--+-+--- -1.100000    -40    -44    -48
-+--+--+++ -0.566667    -24    -28    -16
-+--+--++- -0.900000    -24    -36    -48
-+--+--+-+ -0.900000    -40    -36    -32
-+--+--+-- -1.233333    -56    -44    -48
-+--+---++ -1.433333    -72    -68    -32
-+--+---+- -1.366667    -56    -60    -48
-+--+----+ -2.166667    -88    -92    -80
-+--+----- -2.100000    -88    -84    -80
-+---+++++ -0.633333    -24    -20    -32
-+---++++- -0.966667    -40    -28    -48
-+---+++-+ -0.700000    -40    -28    -16
-+---+++-- -1.033333    -72    -36    -16
-+---++-++ -0.300000     -8    -12    -16
-+---++-+- -0.233333     -8     -4    -16
-+---++--+ -0.766667    -24    -36    -32
-+---++--- -0.700000    -40    -28    -16
-+---+-+++ -0.700000    -24    -12    -48
-+---+-++- -1.166667    -40    -20    -80
-+---+-+-+ -0.900000    -56    -20    -32
-+---+-+-- -1.366667    -88    -28    -48
-+---+--++ -0.633333    -24    -20    -32
-+---+--+- -0.700000    -24    -12    -48
-+---+---+ -1.233333    -56    -44    -48
-+---+---- -1.300000    -72    -36    -48
-+----++++ -0.300000     -8    -12    -16
-+----+++- -0.500000     -8    -20    -32
-+----++-+ -0.500000    -24    -20    -16
-+----++-- -0.700000    -40    -28    -16
-+----+-++ -0.500000    -24    -20    -16
-+----+-+- -0.300000     -8    -12    -16
-+----+--+ -1.100000    -40    -44    -48
-+----+--- -0.900000    -40    -36    -32
-+-----+++ -0.900000    -24    -36    -48
-+-----++- -1.233333    -24    -44    -80
-+-----+-+ -1.233333    -56    -44    -48
-+-----+-- -1.566667    -72    -52    -64
-+------++ -1.366667    -56    -60    -48
-+------+- -1.300000    -40    -52    -64
-+-------+ -2.100000    -88    -84    -80
-+-------- -2.033333    -88    -76    -80
--++++++++ -1.300000    -72    -36    -48
--+++++++- -1.500000    -72    -60    -48
--++++++-+ -0.966667    -40    -28    -48
--++++++-- -1.166667    -56    -52    -32
--+++++-++ -1.100000    -72    -12    -48
--+++++-+- -0.900000    -56    -20    -32
--+++++--+ -1.166667    -40    -20    -80
--+++++--- -0.966667    -40    -28    -48
--++++-+++ -0.433333    -24    -12    -16
--++++-++- -0.766667    -24    -36    -32
--++++-+-+ -0.233333     -8     -4    -16
--++++-+-- -0.566667    -24    -28    -16
--++++--++ -0.500000    -40     -4    -16
--++++--+- -0.433333    -24    -12    -16
--++++---+ -0.700000    -24    -12    -48
--++++---- -0.633333    -24    -20    -32
--+++-++++ -1.100000    -72    -12    -48
--+++-+++- -1.166667    -56    -36    -48
--+++-++-+ -0.900000    -40     -4    -64
--+++-++-- -0.966667    -40    -28    -48
--+++-+-++ -1.433333   -104     -4    -64
--+++-+-+- -1.100000    -72    -12    -48
--+++-+--+ -1.633333    -72    -12   -112
--+++-+--- -1.300000    -56    -20    -80
--+++--+++ -0.766667    -40    -20    -32
--+++--++- -0.966667    -24    -44    -48
--+++--+-+ -0.700000    -24    -12    -48
--+++--+-- -0.900000    -24    -36    -48
--+++---++ -1.366667    -88    -28    -48
--+++---+- -1.166667    -56    -36    -48
--+++----+ -1.700000    -72    -36    -96
--+++----- -1.500000    -56    -44    -80
--++-+++++ -1.500000    -72    -60    -48
--++-++++- -1.700000    -72    -84    -48
--++-+++-+ -1.166667    -56    -52    -32
--++-+++-- -1.366667    -72    -76    -16
--++-++-++ -0.900000    -56    -20    -32
--++-++-+- -0.700000    -40    -28    -16
--++-++--+ -0.966667    -40    -28    -48
--++-++--- -0.766667    -40    -36    -16
--++-+-+++ -0.766667    -24    -36    -32
--++-+-++- -1.100000    -24    -60    -48
--++-+-+-+ -0.566667    -24    -28    -16
--++-+-+-- -0.900000    -40    -52    -16
--++-+--++ -0.433333    -24    -12    -16
--++-+--+- -0.366667     -8    -20    -16
--++-+---+ -0.633333    -24    -20    -32
--++-+---- -0.566667    -24    -28    -16
--++--++++ -1.166667    -56    -36    -48
--++--+++- -1.233333    -40    -60    -48
--++--++-+ -0.966667    -40    -28    -48
--++--++-- -1.033333    -40    -52    -32
--++--+-++ -1.100000    -72    -12    -48
--++--+-+- -0.766667    -40    -20    -32
--++--+--+ -1.300000    -56    -20    -80
--++--+--- -0.966667    -40    -28    -48
--++---+++ -0.966667    -24    -44    -48
--++---++- -1.166667     -8    -68    -64
--++---+-+ -0.900000    -24    -36    -48
--++---+-- -1.100000    -24    -60    -48
--++----++ -1.166667    -56    -36    -48
--++----+- -0.966667    -24    -44    -48
--++-----+ -1.500000    -56    -44    -80
--++------ -1.300000    -40    -52    -64
--+-++++++ -1.500000    -72    -60    -48
--+-+++++- -1.433333    -72    -68    -32
--+-++++-+ -1.433333    -56    -68    -48
--+-++++-- -1.366667    -72    -76    -16
--+-+++-++ -1.166667    -56    -36    -48
--+-+++-+- -0.700000    -40    -28    -16
--+-+++--+ -1.500000    -40    -60    -80
--+-+++--- -1.033333    -40    -52    -32
--+-++-+++ -0.500000    -24    -20    -16
--+-++-++- -0.566667    -24    -28    -16
--+-++-+-+ -0.566667    -24    -28    -16
--+-++-+-- -0.633333    -40    -36      0
--+-++--++ -0.433333    -24    -12    -16
--+-++--+- -0.100000     -8     -4      0
--+-++---+ -0.900000    -24    -36    -48
--+-++---- -0.566667    -24    -28    -16
--+-+-++++ -0.900000    -56    -20    -32
--+-+-+++- -0.700000    -40    -28    -16
--+-+-++-+ -0.966667    -40    -28    -48
--+-+-++-- -0.766667    -40    -36    -16
--+-+-+-++ -1.100000    -72    -12    -48
--+-+-+-+- -0.500000    -40     -4    -16
--+-+-+--+ -1.566667    -56    -36    -96
--+-+-+--- -0.966667    -40    -28    -48
--+-+--+++ -0.433333    -24    -12    -16
--+-+--++- -0.366667     -8    -20    -16
--+-+--+-+ -0.633333    -24    -20    -32
--+-+--+-- -0.566667    -24    -28    -16
--+-+---++ -0.900000    -56    -20    -32
--+-+---+- -0.433333    -24    -12    -16
--+-+----+ -1.500000    -56    -44    -80
--+-+----- -1.033333    -40    -36    -48
--+--+++++ -2.233333   -104   -100    -64
--+--++++- -2.166667   -104   -108    -48
--+--+++-+ -2.166667   -104   -108    -48
--+--+++-- -2.100000   -120   -116    -16
--+--++-++ -1.500000    -72    -60    -48
--+--++-+- -1.033333    -56    -52    -16
--+--++--+ -1.833333    -72    -84    -64
--+--++--- -1.366667    -72    -76    -16
--+--+-+++ -1.366667    -56    -60    -48
--+--+-++- -1.433333    -56    -68    -48
--+--+-+-+ -1.433333    -72    -68    -32
--+--+-+-- -1.500000    -88    -76    -16
--+--+--++ -0.900000    -40    -36    -32
--+--+--+- -0.566667    -24    -28    -16
--+--+---+ -1.366667    -56    -60    -48
--+--+---- -1.033333    -56    -52    -16
--+---++++ -1.500000    -72    -60    -48
--+---+++- -1.300000    -56    -68    -32
--+---++-+ -1.566667    -72    -68    -48
--+---++-- -1.366667    -72    -76    -16
--+---+-++ -1.300000    -72    -36    -48
--+---+-+- -0.700000    -40    -28    -16
--+---+--+ -1.766667    -72    -60    -80
--+---+--- -1.166667    -56    -52    -32
--+----+++ -1.166667    -40    -52    -48
--+----++- -1.100000    -24    -60    -48
--+----+-+ -1.366667    -56    -60    -48
--+----+-- -1.300000    -56    -68    -32
--+-----++ -1.233333    -56    -44    -48
--+-----+- -0.766667    -24    -36    -32
--+------+ -1.833333    -72    -68    -80
--+------- -1.366667    -56    -60    -48
---+++++++ -1.233333    -56    -44    -48
---++++++- -1.966667    -72    -84    -80
---+++++-+ -0.633333    -24    -20    -32
---+++++-- -1.366667    -56    -60    -48
---++++-++ -0.900000    -56    -20    -32
---++++-+- -1.233333    -56    -44    -48
---++++--+ -0.700000    -24    -12    -48
---++++--- -1.033333    -40    -36    -48
---+++-+++ -0.766667    -24    -36    -32
---+++-++- -1.633333    -40    -76    -80
---+++-+-+ -0.300000     -8    -12    -16
---+++-+-- -1.166667    -40    -52    -48
---+++--++ -0.700000    -40    -28    -16
---+++--+- -1.166667    -40    -52    -48
---+++---+ -0.633333    -24    -20    -32
---+++---- -1.100000    -40    -44    -48
---++-++++ -1.166667    -56    -36    -48
---++-+++- -1.766667    -56    -76    -80
---++-++-+ -0.700000    -24    -12    -48
---++-++-- -1.300000    -40    -52    -64
---++-+-++ -1.366667    -88    -28    -48
---++-+-+- -1.566667    -72    -52    -64
---++-+--+ -1.300000    -56    -20    -80
---++-+--- -1.500000    -56    -44    -80
---++--+++ -1.233333    -40    -60    -48
---++--++- -1.966667    -40   -100    -96
---++--+-+ -0.900000    -24    -36    -48
---++--+-- -1.633333    -40    -76    -80
---++---++ -1.700000    -88    -68    -48
---++---+- -2.033333    -72    -92    -80
---++----+ -1.766667    -72    -60    -80
---++----- -2.100000    -72    -84    -96
---+-+++++ -1.166667    -40    -52    -48
---+-++++- -1.900000    -56    -92    -80
---+-+++-+ -0.566667    -24    -28    -16
---+-+++-- -1.300000    -56    -68    -32
---+-++-++ -0.433333    -24    -12    -16
---+-++-+- -0.766667    -24    -36    -32
---+-++--+ -0.233333     -8     -4    -16
---+-++--- -0.566667    -24    -28    -16
---+-+-+++ -0.833333     -8    -44    -48
---+-+-++- -1.700000    -24    -84    -96
---+-+-+-+ -0.366667     -8    -20    -16
---+-+-+-- -1.233333    -40    -60    -48
---+-+--++ -0.366667     -8    -20    -16
---+-+--+- -0.833333     -8    -44    -48
---+-+---+ -0.300000     -8    -12    -16
---+-+---- -0.766667    -24    -36    -32
---+--++++ -0.966667    -24    -44    -48
---+--+++- -1.566667    -24    -84    -80
---+--++-+ -0.500000     -8    -20    -32
---+--++-- -1.100000    -24    -60    -48
---+--+-++ -0.766667    -40    -20    -32
---+--+-+- -0.966667    -24    -44    -48
---+--+--+ -0.700000    -24    -12    -48
---+--+--- -0.900000    -24    -36    -48
---+---+++ -1.166667     -8    -68    -64
---+---++- -1.900000     -8   -108   -112
---+---+-+ -0.833333     -8    -44    -48
---+---+-- -1.566667    -24    -84    -80
---+----++ -1.233333    -40    -60    -48
---+----+- -1.566667    -24    -84    -80
---+-----+ -1.300000    -40    -52    -64
---+------ -1.633333    -40    -76    -80
----++++++ -0.900000    -40    -36    -32
----+++++- -1.366667    -56    -60    -48
----++++-+ -0.566667    -24    -28    -16
----++++-- -1.033333    -56    -52    -16
----+++-++ -0.433333    -24    -12    -16
----+++-+- -0.500000    -24    -20    -16
----+++--+ -0.500000     -8    -20    -32
----+++--- -0.566667    -24    -28    -16
----++-+++ -0.300000     -8    -12    -16
----++-++- -0.900000    -24    -36    -48
----++-+-+ -0.100000     -8     -4      0
----++-+-- -0.700000    -40    -28    -16
----++--++ -0.100000     -8     -4      0
----++--+- -0.300000     -8    -12    -16
----++---+ -0.300000     -8    -12    -16
----++---- -0.500000    -24    -20    -16
----+-++++ -0.433333    -24    -12    -16
----+-+++- -0.766667    -24    -36    -32
----+-++-+ -0.233333     -8     -4    -16
----+-++-- -0.566667    -24    -28    -16
----+-+-++ -0.500000    -40     -4    -16
----+-+-+- -0.433333    -24    -12    -16
----+-+--+ -0.700000    -24    -12    -48
----+-+--- -0.633333    -24    -20    -32
----+--+++ -0.366667     -8    -20    -16
----+--++- -0.833333     -8    -44    -48
----+--+-+ -0.300000     -8    -12    -16
----+--+-- -0.766667    -24    -36    -32
----+---++ -0.700000    -40    -28    -16
----+---+- -0.766667    -24    -36    -32
----+----+ -1.033333    -40    -36    -48
----+----- -1.100000    -40    -44    -48
-----+++++ -1.366667    -56    -60    -48
-----++++- -1.833333    -72    -84    -64
-----+++-+ -1.033333    -56    -52    -16
-----+++-- -1.500000    -88    -76    -16
-----++-++ -0.500000    -24    -20    -16
-----++-+- -0.566667    -24    -28    -16
-----++--+ -0.566667    -24    -28    -16
-----++--- -0.633333    -40    -36      0
-----+-+++ -0.900000    -24    -36    -48
-----+-++- -1.500000    -40    -60    -80
-----+-+-+ -0.700000    -40    -28    -16
-----+-+-- -1.300000    -72    -52    -32
-----+--++ -0.300000     -8    -12    -16
-----+--+- -0.500000     -8    -20    -32
-----+---+ -0.500000    -24    -20    -16
-----+---- -0.700000    -40    -28    -16
------++++ -0.766667    -24    -36    -32
------+++- -1.100000    -24    -60    -48
------++-+ -0.566667    -24    -28    -16
------++-- -0.900000    -40    -52    -16
------+-++ -0.433333    -24    -12    -16
------+-+- -0.366667     -8    -20    -16
------+--+ -0.633333    -24    -20    -32
------+--- -0.566667    -24    -28    -16
-------+++ -0.833333     -8    -44    -48
-------++- -1.300000     -8    -68    -80
-------+-+ -0.766667    -24    -36    -32
-------+-- -1.233333    -40    -60    -48
--------++ -0.766667    -24    -36    -32
--------+- -0.833333     -8    -44    -48
---------+ -1.100000    -40    -44    -48
---------- -1.166667    -40    -52    -48
@@@@@@@@@@ -99999999999999999   P:3 Q2 H-4 
